,0,1,2,3,4,5,6,7
0,100.0,263.0,199.0,176.0,175.0,221.0,213.0,244.0
1,263.0,199.0,176.0,175.0,221.0,213.0,244.0,261.0
2,199.0,176.0,175.0,221.0,213.0,244.0,261.0,205.0
3,176.0,175.0,221.0,213.0,244.0,261.0,205.0,191.0
4,175.0,221.0,213.0,244.0,261.0,205.0,191.0,203.0
5,221.0,213.0,244.0,261.0,205.0,191.0,203.0,213.0
6,213.0,244.0,261.0,205.0,191.0,203.0,213.0,199.0
7,244.0,261.0,205.0,191.0,203.0,213.0,199.0,261.0
8,261.0,205.0,191.0,203.0,213.0,199.0,261.0,255.0
9,205.0,191.0,203.0,213.0,199.0,261.0,255.0,175.0
10,191.0,203.0,213.0,199.0,261.0,255.0,175.0,165.0
11,203.0,213.0,199.0,261.0,255.0,175.0,165.0,176.0
12,213.0,199.0,261.0,255.0,175.0,165.0,176.0,215.0
13,199.0,261.0,255.0,175.0,165.0,176.0,215.0,229.0
14,261.0,255.0,175.0,165.0,176.0,215.0,229.0,252.0
15,255.0,175.0,165.0,176.0,215.0,229.0,252.0,293.0
16,175.0,165.0,176.0,215.0,229.0,252.0,293.0,183.0
17,165.0,176.0,215.0,229.0,252.0,293.0,183.0,244.0
18,176.0,215.0,229.0,252.0,293.0,183.0,244.0,136.0
19,215.0,229.0,252.0,293.0,183.0,244.0,136.0,202.0
20,229.0,252.0,293.0,183.0,244.0,136.0,202.0,278.0
21,252.0,293.0,183.0,244.0,136.0,202.0,278.0,272.0
22,293.0,183.0,244.0,136.0,202.0,278.0,272.0,274.0
23,183.0,244.0,136.0,202.0,278.0,272.0,274.0,173.0
24,244.0,136.0,202.0,278.0,272.0,274.0,173.0,151.0
25,136.0,202.0,278.0,272.0,274.0,173.0,151.0,177.0
26,202.0,278.0,272.0,274.0,173.0,151.0,177.0,199.0
27,278.0,272.0,274.0,173.0,151.0,177.0,199.0,219.0
28,272.0,274.0,173.0,151.0,177.0,199.0,219.0,228.0
29,274.0,173.0,151.0,177.0,199.0,219.0,228.0,310.0
30,173.0,151.0,177.0,199.0,219.0,228.0,310.0,172.0
31,151.0,177.0,199.0,219.0,228.0,310.0,172.0,0.0
32,177.0,199.0,219.0,228.0,310.0,172.0,0.0,196.0
33,199.0,219.0,228.0,310.0,172.0,0.0,196.0,201.0
34,219.0,228.0,310.0,172.0,0.0,196.0,201.0,230.0
35,228.0,310.0,172.0,0.0,196.0,201.0,230.0,239.0
36,310.0,172.0,0.0,196.0,201.0,230.0,239.0,288.0
37,172.0,0.0,196.0,201.0,230.0,239.0,288.0,201.0
38,0.0,196.0,201.0,230.0,239.0,288.0,201.0,252.0
39,196.0,201.0,230.0,239.0,288.0,201.0,252.0,215.0
40,201.0,230.0,239.0,288.0,201.0,252.0,215.0,254.0
41,230.0,239.0,288.0,201.0,252.0,215.0,254.0,234.0
42,239.0,288.0,201.0,252.0,215.0,254.0,234.0,308.0
43,288.0,201.0,252.0,215.0,254.0,234.0,308.0,401.0
44,201.0,252.0,215.0,254.0,234.0,308.0,401.0,240.0
45,252.0,215.0,254.0,234.0,308.0,401.0,240.0,220.0
46,215.0,254.0,234.0,308.0,401.0,240.0,220.0,240.0
47,254.0,234.0,308.0,401.0,240.0,220.0,240.0,247.0
48,234.0,308.0,401.0,240.0,220.0,240.0,247.0,53.0
49,308.0,401.0,240.0,220.0,240.0,247.0,53.0,400.0
50,401.0,240.0,220.0,240.0,247.0,53.0,400.0,303.0
51,240.0,220.0,240.0,247.0,53.0,400.0,303.0,224.0
52,220.0,240.0,247.0,53.0,400.0,303.0,224.0,229.0
53,240.0,247.0,53.0,400.0,303.0,224.0,229.0,234.0
54,247.0,53.0,400.0,303.0,224.0,229.0,234.0,257.0
55,53.0,400.0,303.0,224.0,229.0,234.0,257.0,283.0
56,400.0,303.0,224.0,229.0,234.0,257.0,283.0,338.0
57,303.0,224.0,229.0,234.0,257.0,283.0,338.0,340.0
58,224.0,229.0,234.0,257.0,283.0,338.0,340.0,196.0
59,229.0,234.0,257.0,283.0,338.0,340.0,196.0,260.0
60,234.0,257.0,283.0,338.0,340.0,196.0,260.0,245.0
61,257.0,283.0,338.0,340.0,196.0,260.0,245.0,277.0
62,283.0,338.0,340.0,196.0,260.0,245.0,277.0,263.0
63,338.0,340.0,196.0,260.0,245.0,277.0,263.0,374.0
64,340.0,196.0,260.0,245.0,277.0,263.0,374.0,442.0
65,196.0,260.0,245.0,277.0,263.0,374.0,442.0,181.0
66,260.0,245.0,277.0,263.0,374.0,442.0,181.0,290.0
67,245.0,277.0,263.0,374.0,442.0,181.0,290.0,309.0
68,277.0,263.0,374.0,442.0,181.0,290.0,309.0,303.0
69,263.0,374.0,442.0,181.0,290.0,309.0,303.0,308.0
70,374.0,442.0,181.0,290.0,309.0,303.0,308.0,308.0
71,442.0,181.0,290.0,309.0,303.0,308.0,308.0,208.0
72,181.0,290.0,309.0,303.0,308.0,308.0,208.0,218.0
73,290.0,309.0,303.0,308.0,308.0,208.0,218.0,284.0
74,309.0,303.0,308.0,308.0,208.0,218.0,284.0,291.0
75,303.0,308.0,308.0,208.0,218.0,284.0,291.0,290.0
76,308.0,308.0,208.0,218.0,284.0,291.0,290.0,309.0
77,308.0,208.0,218.0,284.0,291.0,290.0,309.0,312.0
78,208.0,218.0,284.0,291.0,290.0,309.0,312.0,130.0
79,218.0,284.0,291.0,290.0,309.0,312.0,130.0,29.0
80,284.0,291.0,290.0,309.0,312.0,130.0,29.0,307.0
81,291.0,290.0,309.0,312.0,130.0,29.0,307.0,294.0
82,290.0,309.0,312.0,130.0,29.0,307.0,294.0,251.0
83,309.0,312.0,130.0,29.0,307.0,294.0,251.0,291.0
84,312.0,130.0,29.0,307.0,294.0,251.0,291.0,313.0
85,130.0,29.0,307.0,294.0,251.0,291.0,313.0,2.0
86,29.0,307.0,294.0,251.0,291.0,313.0,2.0,249.0
87,307.0,294.0,251.0,291.0,313.0,2.0,249.0,180.0
88,294.0,251.0,291.0,313.0,2.0,249.0,180.0,279.0
89,251.0,291.0,313.0,2.0,249.0,180.0,279.0,186.0
90,291.0,313.0,2.0,249.0,180.0,279.0,186.0,199.0
91,313.0,2.0,249.0,180.0,279.0,186.0,199.0,181.0
92,2.0,249.0,180.0,279.0,186.0,199.0,181.0,255.0
93,249.0,180.0,279.0,186.0,199.0,181.0,255.0,320.0
94,180.0,279.0,186.0,199.0,181.0,255.0,320.0,155.0
95,279.0,186.0,199.0,181.0,255.0,320.0,155.0,182.0
96,186.0,199.0,181.0,255.0,320.0,155.0,182.0,118.0
97,199.0,181.0,255.0,320.0,155.0,182.0,118.0,181.0
98,181.0,255.0,320.0,155.0,182.0,118.0,181.0,186.0
99,255.0,320.0,155.0,182.0,118.0,181.0,186.0,235.0
100,320.0,155.0,182.0,118.0,181.0,186.0,235.0,318.0
101,155.0,182.0,118.0,181.0,186.0,235.0,318.0,181.0
102,182.0,118.0,181.0,186.0,235.0,318.0,181.0,152.0
103,118.0,181.0,186.0,235.0,318.0,181.0,152.0,144.0
104,181.0,186.0,235.0,318.0,181.0,152.0,144.0,180.0
105,186.0,235.0,318.0,181.0,152.0,144.0,180.0,218.0
106,235.0,318.0,181.0,152.0,144.0,180.0,218.0,176.0
107,318.0,181.0,152.0,144.0,180.0,218.0,176.0,316.0
108,181.0,152.0,144.0,180.0,218.0,176.0,316.0,145.0
109,152.0,144.0,180.0,218.0,176.0,316.0,145.0,182.0
110,144.0,180.0,218.0,176.0,316.0,145.0,182.0,208.0
111,180.0,218.0,176.0,316.0,145.0,182.0,208.0,143.0
112,218.0,176.0,316.0,145.0,182.0,208.0,143.0,218.0
113,176.0,316.0,145.0,182.0,208.0,143.0,218.0,228.0
114,316.0,145.0,182.0,208.0,143.0,218.0,228.0,301.0
115,145.0,182.0,208.0,143.0,218.0,228.0,301.0,215.0
116,182.0,208.0,143.0,218.0,228.0,301.0,215.0,175.0
117,208.0,143.0,218.0,228.0,301.0,215.0,175.0,188.0
118,143.0,218.0,228.0,301.0,215.0,175.0,188.0,202.0
119,218.0,228.0,301.0,215.0,175.0,188.0,202.0,169.0
120,228.0,301.0,215.0,175.0,188.0,202.0,169.0,197.0
121,301.0,215.0,175.0,188.0,202.0,169.0,197.0,184.0
122,215.0,175.0,188.0,202.0,169.0,197.0,184.0,168.0
123,175.0,188.0,202.0,169.0,197.0,184.0,168.0,200.0
124,188.0,202.0,169.0,197.0,184.0,168.0,200.0,182.0
125,202.0,169.0,197.0,184.0,168.0,200.0,182.0,242.0
126,169.0,197.0,184.0,168.0,200.0,182.0,242.0,383.0
127,197.0,184.0,168.0,200.0,182.0,242.0,383.0,250.0
128,184.0,168.0,200.0,182.0,242.0,383.0,250.0,199.0
129,168.0,200.0,182.0,242.0,383.0,250.0,199.0,261.0
130,200.0,182.0,242.0,383.0,250.0,199.0,261.0,226.0
131,182.0,242.0,383.0,250.0,199.0,261.0,226.0,229.0
132,242.0,383.0,250.0,199.0,261.0,226.0,229.0,246.0
133,383.0,250.0,199.0,261.0,226.0,229.0,246.0,388.0
134,250.0,199.0,261.0,226.0,229.0,246.0,388.0,294.0
135,199.0,261.0,226.0,229.0,246.0,388.0,294.0,244.0
136,261.0,226.0,229.0,246.0,388.0,294.0,244.0,220.0
137,226.0,229.0,246.0,388.0,294.0,244.0,220.0,228.0
138,229.0,246.0,388.0,294.0,244.0,220.0,228.0,254.0
139,246.0,388.0,294.0,244.0,220.0,228.0,254.0,224.0
140,388.0,294.0,244.0,220.0,228.0,254.0,224.0,342.0
141,294.0,244.0,220.0,228.0,254.0,224.0,342.0,268.0
142,244.0,220.0,228.0,254.0,224.0,342.0,268.0,244.0
143,220.0,228.0,254.0,224.0,342.0,268.0,244.0,235.0
144,228.0,254.0,224.0,342.0,268.0,244.0,235.0,159.0
145,254.0,224.0,342.0,268.0,244.0,235.0,159.0,264.0
146,224.0,342.0,268.0,244.0,235.0,159.0,264.0,283.0
147,342.0,268.0,244.0,235.0,159.0,264.0,283.0,488.0
148,268.0,244.0,235.0,159.0,264.0,283.0,488.0,259.0
149,244.0,235.0,159.0,264.0,283.0,488.0,259.0,225.0
150,235.0,159.0,264.0,283.0,488.0,259.0,225.0,233.0
151,159.0,264.0,283.0,488.0,259.0,225.0,233.0,196.0
152,264.0,283.0,488.0,259.0,225.0,233.0,196.0,276.0
153,283.0,488.0,259.0,225.0,233.0,196.0,276.0,311.0
154,488.0,259.0,225.0,233.0,196.0,276.0,311.0,452.0
155,259.0,225.0,233.0,196.0,276.0,311.0,452.0,316.0
156,225.0,233.0,196.0,276.0,311.0,452.0,316.0,199.0
157,233.0,196.0,276.0,311.0,452.0,316.0,199.0,249.0
158,196.0,276.0,311.0,452.0,316.0,199.0,249.0,278.0
159,276.0,311.0,452.0,316.0,199.0,249.0,278.0,279.0
160,311.0,452.0,316.0,199.0,249.0,278.0,279.0,286.0
161,452.0,316.0,199.0,249.0,278.0,279.0,286.0,354.0
162,316.0,199.0,249.0,278.0,279.0,286.0,354.0,299.0
163,199.0,249.0,278.0,279.0,286.0,354.0,299.0,262.0
164,249.0,278.0,279.0,286.0,354.0,299.0,262.0,215.0
165,278.0,279.0,286.0,354.0,299.0,262.0,215.0,223.0
166,279.0,286.0,354.0,299.0,262.0,215.0,223.0,246.0
167,286.0,354.0,299.0,262.0,215.0,223.0,246.0,286.0
168,354.0,299.0,262.0,215.0,223.0,246.0,286.0,384.0
169,299.0,262.0,215.0,223.0,246.0,286.0,384.0,247.0
170,262.0,215.0,223.0,246.0,286.0,384.0,247.0,225.0
171,215.0,223.0,246.0,286.0,384.0,247.0,225.0,230.0
172,223.0,246.0,286.0,384.0,247.0,225.0,230.0,260.0
173,246.0,286.0,384.0,247.0,225.0,230.0,260.0,261.0
174,286.0,384.0,247.0,225.0,230.0,260.0,261.0,276.0
175,384.0,247.0,225.0,230.0,260.0,261.0,276.0,356.0
176,247.0,225.0,230.0,260.0,261.0,276.0,356.0,228.0
177,225.0,230.0,260.0,261.0,276.0,356.0,228.0,220.0
178,230.0,260.0,261.0,276.0,356.0,228.0,220.0,229.0
179,260.0,261.0,276.0,356.0,228.0,220.0,229.0,228.0
180,261.0,276.0,356.0,228.0,220.0,229.0,228.0,226.0
181,276.0,356.0,228.0,220.0,229.0,228.0,226.0,325.0
182,356.0,228.0,220.0,229.0,228.0,226.0,325.0,313.0
183,228.0,220.0,229.0,228.0,226.0,325.0,313.0,202.0
184,220.0,229.0,228.0,226.0,325.0,313.0,202.0,172.0
185,229.0,228.0,226.0,325.0,313.0,202.0,172.0,238.0
186,228.0,226.0,325.0,313.0,202.0,172.0,238.0,222.0
187,226.0,325.0,313.0,202.0,172.0,238.0,222.0,257.0
188,325.0,313.0,202.0,172.0,238.0,222.0,257.0,336.0
189,313.0,202.0,172.0,238.0,222.0,257.0,336.0,289.0
190,202.0,172.0,238.0,222.0,257.0,336.0,289.0,69.0
191,172.0,238.0,222.0,257.0,336.0,289.0,69.0,249.0
192,238.0,222.0,257.0,336.0,289.0,69.0,249.0,224.0
193,222.0,257.0,336.0,289.0,69.0,249.0,224.0,245.0
194,257.0,336.0,289.0,69.0,249.0,224.0,245.0,223.0
195,336.0,289.0,69.0,249.0,224.0,245.0,223.0,269.0
196,289.0,69.0,249.0,224.0,245.0,223.0,269.0,332.0
197,69.0,249.0,224.0,245.0,223.0,269.0,332.0,193.0
198,249.0,224.0,245.0,223.0,269.0,332.0,193.0,196.0
199,224.0,245.0,223.0,269.0,332.0,193.0,196.0,193.0
200,245.0,223.0,269.0,332.0,193.0,196.0,193.0,225.0
201,223.0,269.0,332.0,193.0,196.0,193.0,225.0,191.0
202,269.0,332.0,193.0,196.0,193.0,225.0,191.0,247.0
203,332.0,193.0,196.0,193.0,225.0,191.0,247.0,308.0
204,193.0,196.0,193.0,225.0,191.0,247.0,308.0,246.0
205,196.0,193.0,225.0,191.0,247.0,308.0,246.0,213.0
206,193.0,225.0,191.0,247.0,308.0,246.0,213.0,180.0
207,225.0,191.0,247.0,308.0,246.0,213.0,180.0,231.0
208,191.0,247.0,308.0,246.0,213.0,180.0,231.0,218.0
209,247.0,308.0,246.0,213.0,180.0,231.0,218.0,257.0
210,308.0,246.0,213.0,180.0,231.0,218.0,257.0,262.0
211,246.0,213.0,180.0,231.0,218.0,257.0,262.0,205.0
212,213.0,180.0,231.0,218.0,257.0,262.0,205.0,243.0
213,180.0,231.0,218.0,257.0,262.0,205.0,243.0,260.0
214,231.0,218.0,257.0,262.0,205.0,243.0,260.0,199.0
215,218.0,257.0,262.0,205.0,243.0,260.0,199.0,187.0
216,257.0,262.0,205.0,243.0,260.0,199.0,187.0,252.0
217,262.0,205.0,243.0,260.0,199.0,187.0,252.0,300.0
218,205.0,243.0,260.0,199.0,187.0,252.0,300.0,183.0
219,243.0,260.0,199.0,187.0,252.0,300.0,183.0,171.0
220,260.0,199.0,187.0,252.0,300.0,183.0,171.0,174.0
221,199.0,187.0,252.0,300.0,183.0,171.0,174.0,177.0
222,187.0,252.0,300.0,183.0,171.0,174.0,177.0,221.0
223,252.0,300.0,183.0,171.0,174.0,177.0,221.0,243.0
224,300.0,183.0,171.0,174.0,177.0,221.0,243.0,257.0
225,183.0,171.0,174.0,177.0,221.0,243.0,257.0,190.0
226,171.0,174.0,177.0,221.0,243.0,257.0,190.0,161.0
227,174.0,177.0,221.0,243.0,257.0,190.0,161.0,160.0
228,177.0,221.0,243.0,257.0,190.0,161.0,160.0,173.0
229,221.0,243.0,257.0,190.0,161.0,160.0,173.0,162.0
230,243.0,257.0,190.0,161.0,160.0,173.0,162.0,225.0
231,257.0,190.0,161.0,160.0,173.0,162.0,225.0,217.0
232,190.0,161.0,160.0,173.0,162.0,225.0,217.0,186.0
233,161.0,160.0,173.0,162.0,225.0,217.0,186.0,171.0
234,160.0,173.0,162.0,225.0,217.0,186.0,171.0,176.0
235,173.0,162.0,225.0,217.0,186.0,171.0,176.0,168.0
236,162.0,225.0,217.0,186.0,171.0,176.0,168.0,215.0
237,225.0,217.0,186.0,171.0,176.0,168.0,215.0,207.0
238,217.0,186.0,171.0,176.0,168.0,215.0,207.0,265.0
239,186.0,171.0,176.0,168.0,215.0,207.0,265.0,165.0
240,171.0,176.0,168.0,215.0,207.0,265.0,165.0,181.0
241,176.0,168.0,215.0,207.0,265.0,165.0,181.0,171.0
242,168.0,215.0,207.0,265.0,165.0,181.0,171.0,189.0
243,215.0,207.0,265.0,165.0,181.0,171.0,189.0,217.0
244,207.0,265.0,165.0,181.0,171.0,189.0,217.0,192.0
245,265.0,165.0,181.0,171.0,189.0,217.0,192.0,209.0
246,165.0,181.0,171.0,189.0,217.0,192.0,209.0,155.0
247,181.0,171.0,189.0,217.0,192.0,209.0,155.0,192.0
248,171.0,189.0,217.0,192.0,209.0,155.0,192.0,177.0
249,189.0,217.0,192.0,209.0,155.0,192.0,177.0,161.0
250,217.0,192.0,209.0,155.0,192.0,177.0,161.0,180.0
251,192.0,209.0,155.0,192.0,177.0,161.0,180.0,198.0
252,209.0,155.0,192.0,177.0,161.0,180.0,198.0,174.0
253,155.0,192.0,177.0,161.0,180.0,198.0,174.0,171.0
254,192.0,177.0,161.0,180.0,198.0,174.0,171.0,154.0
255,177.0,161.0,180.0,198.0,174.0,171.0,154.0,173.0
256,161.0,180.0,198.0,174.0,171.0,154.0,173.0,147.0
257,180.0,198.0,174.0,171.0,154.0,173.0,147.0,171.0
258,198.0,174.0,171.0,154.0,173.0,147.0,171.0,205.0
259,174.0,171.0,154.0,173.0,147.0,171.0,205.0,203.0
260,171.0,154.0,173.0,147.0,171.0,205.0,203.0,163.0
261,154.0,173.0,147.0,171.0,205.0,203.0,163.0,158.0
262,173.0,147.0,171.0,205.0,203.0,163.0,158.0,186.0
263,147.0,171.0,205.0,203.0,163.0,158.0,186.0,187.0
264,171.0,205.0,203.0,163.0,158.0,186.0,187.0,180.0
265,205.0,203.0,163.0,158.0,186.0,187.0,180.0,206.0
266,203.0,163.0,158.0,186.0,187.0,180.0,206.0,181.0
267,163.0,158.0,186.0,187.0,180.0,206.0,181.0,140.0
268,158.0,186.0,187.0,180.0,206.0,181.0,140.0,203.0
269,186.0,187.0,180.0,206.0,181.0,140.0,203.0,86.0
270,187.0,180.0,206.0,181.0,140.0,203.0,86.0,144.0
271,180.0,206.0,181.0,140.0,203.0,86.0,144.0,182.0
272,206.0,181.0,140.0,203.0,86.0,144.0,182.0,154.0
273,181.0,140.0,203.0,86.0,144.0,182.0,154.0,176.0
274,140.0,203.0,86.0,144.0,182.0,154.0,176.0,134.0
275,203.0,86.0,144.0,182.0,154.0,176.0,134.0,149.0
276,86.0,144.0,182.0,154.0,176.0,134.0,149.0,169.0
277,144.0,182.0,154.0,176.0,134.0,149.0,169.0,128.0
278,182.0,154.0,176.0,134.0,149.0,169.0,128.0,104.0
279,154.0,176.0,134.0,149.0,169.0,128.0,104.0,207.0
280,176.0,134.0,149.0,169.0,128.0,104.0,207.0,206.0
281,134.0,149.0,169.0,128.0,104.0,207.0,206.0,115.0
282,149.0,169.0,128.0,104.0,207.0,206.0,115.0,196.0
283,169.0,128.0,104.0,207.0,206.0,115.0,196.0,179.0
284,128.0,104.0,207.0,206.0,115.0,196.0,179.0,176.0
285,104.0,207.0,206.0,115.0,196.0,179.0,176.0,180.0
286,207.0,206.0,115.0,196.0,179.0,176.0,180.0,228.0
287,206.0,115.0,196.0,179.0,176.0,180.0,228.0,164.0
288,115.0,196.0,179.0,176.0,180.0,228.0,164.0,193.0
289,196.0,179.0,176.0,180.0,228.0,164.0,193.0,172.0
290,179.0,176.0,180.0,228.0,164.0,193.0,172.0,227.0
291,176.0,180.0,228.0,164.0,193.0,172.0,227.0,7.0
292,180.0,228.0,164.0,193.0,172.0,227.0,7.0,189.0
293,228.0,164.0,193.0,172.0,227.0,7.0,189.0,126.0
294,164.0,193.0,172.0,227.0,7.0,189.0,126.0,209.0
295,193.0,172.0,227.0,7.0,189.0,126.0,209.0,177.0
296,172.0,227.0,7.0,189.0,126.0,209.0,177.0,200.0
297,227.0,7.0,189.0,126.0,209.0,177.0,200.0,270.0
298,7.0,189.0,126.0,209.0,177.0,200.0,270.0,1.0
299,189.0,126.0,209.0,177.0,200.0,270.0,1.0,192.0
300,126.0,209.0,177.0,200.0,270.0,1.0,192.0,217.0
301,209.0,177.0,200.0,270.0,1.0,192.0,217.0,240.0
302,177.0,200.0,270.0,1.0,192.0,217.0,240.0,258.0
303,200.0,270.0,1.0,192.0,217.0,240.0,258.0,273.0
304,270.0,1.0,192.0,217.0,240.0,258.0,273.0,270.0
305,1.0,192.0,217.0,240.0,258.0,273.0,270.0,171.0
306,192.0,217.0,240.0,258.0,273.0,270.0,171.0,205.0
307,217.0,240.0,258.0,273.0,270.0,171.0,205.0,208.0
308,240.0,258.0,273.0,270.0,171.0,205.0,208.0,196.0
309,258.0,273.0,270.0,171.0,205.0,208.0,196.0,234.0
310,273.0,270.0,171.0,205.0,208.0,196.0,234.0,230.0
311,270.0,171.0,205.0,208.0,196.0,234.0,230.0,252.0
312,171.0,205.0,208.0,196.0,234.0,230.0,252.0,165.0
313,205.0,208.0,196.0,234.0,230.0,252.0,165.0,214.0
314,208.0,196.0,234.0,230.0,252.0,165.0,214.0,105.0
315,196.0,234.0,230.0,252.0,165.0,214.0,105.0,281.0
316,234.0,230.0,252.0,165.0,214.0,105.0,281.0,224.0
317,230.0,252.0,165.0,214.0,105.0,281.0,224.0,235.0
318,252.0,165.0,214.0,105.0,281.0,224.0,235.0,34.0
319,165.0,214.0,105.0,281.0,224.0,235.0,34.0,235.0
320,214.0,105.0,281.0,224.0,235.0,34.0,235.0,228.0
321,105.0,281.0,224.0,235.0,34.0,235.0,228.0,252.0
322,281.0,224.0,235.0,34.0,235.0,228.0,252.0,128.0
323,224.0,235.0,34.0,235.0,228.0,252.0,128.0,192.0
324,235.0,34.0,235.0,228.0,252.0,128.0,192.0,290.0
325,34.0,235.0,228.0,252.0,128.0,192.0,290.0,59.0
326,235.0,228.0,252.0,128.0,192.0,290.0,59.0,244.0
327,228.0,252.0,128.0,192.0,290.0,59.0,244.0,93.0
328,252.0,128.0,192.0,290.0,59.0,244.0,93.0,261.0
329,128.0,192.0,290.0,59.0,244.0,93.0,261.0,148.0
330,192.0,290.0,59.0,244.0,93.0,261.0,148.0,243.0
331,290.0,59.0,244.0,93.0,261.0,148.0,243.0,171.0
332,59.0,244.0,93.0,261.0,148.0,243.0,171.0,215.0
333,244.0,93.0,261.0,148.0,243.0,171.0,215.0,142.0
334,93.0,261.0,148.0,243.0,171.0,215.0,142.0,255.0
335,261.0,148.0,243.0,171.0,215.0,142.0,255.0,310.0
336,148.0,243.0,171.0,215.0,142.0,255.0,310.0,0.0
337,243.0,171.0,215.0,142.0,255.0,310.0,0.0,251.0
338,171.0,215.0,142.0,255.0,310.0,0.0,251.0,301.0
339,215.0,142.0,255.0,310.0,0.0,251.0,301.0,24.0
340,142.0,255.0,310.0,0.0,251.0,301.0,24.0,259.0
341,255.0,310.0,0.0,251.0,301.0,24.0,259.0,76.0
342,310.0,0.0,251.0,301.0,24.0,259.0,76.0,260.0
343,0.0,251.0,301.0,24.0,259.0,76.0,260.0,169.0
344,251.0,301.0,24.0,259.0,76.0,260.0,169.0,219.0
345,301.0,24.0,259.0,76.0,260.0,169.0,219.0,224.0
346,24.0,259.0,76.0,260.0,169.0,219.0,224.0,157.0
347,259.0,76.0,260.0,169.0,219.0,224.0,157.0,185.0
348,76.0,260.0,169.0,219.0,224.0,157.0,185.0,145.0
349,260.0,169.0,219.0,224.0,157.0,185.0,145.0,219.0
350,169.0,219.0,224.0,157.0,185.0,145.0,219.0,133.0
351,219.0,224.0,157.0,185.0,145.0,219.0,133.0,250.0
352,224.0,157.0,185.0,145.0,219.0,133.0,250.0,221.0
353,157.0,185.0,145.0,219.0,133.0,250.0,221.0,207.0
354,185.0,145.0,219.0,133.0,250.0,221.0,207.0,0.0
355,145.0,219.0,133.0,250.0,221.0,207.0,0.0,245.0
356,219.0,133.0,250.0,221.0,207.0,0.0,245.0,153.0
357,133.0,250.0,221.0,207.0,0.0,245.0,153.0,187.0
358,250.0,221.0,207.0,0.0,245.0,153.0,187.0,190.0
359,221.0,207.0,0.0,245.0,153.0,187.0,190.0,5.0
360,207.0,0.0,245.0,153.0,187.0,190.0,5.0,180.0
361,0.0,245.0,153.0,187.0,190.0,5.0,180.0,189.0
362,245.0,153.0,187.0,190.0,5.0,180.0,189.0,190.0
363,153.0,187.0,190.0,5.0,180.0,189.0,190.0,174.0
364,187.0,190.0,5.0,180.0,189.0,190.0,174.0,176.0
365,190.0,5.0,180.0,189.0,190.0,174.0,176.0,305.0
366,5.0,180.0,189.0,190.0,174.0,176.0,305.0,138.0
367,180.0,189.0,190.0,174.0,176.0,305.0,138.0,231.0
368,189.0,190.0,174.0,176.0,305.0,138.0,231.0,62.0
369,190.0,174.0,176.0,305.0,138.0,231.0,62.0,156.0
370,174.0,176.0,305.0,138.0,231.0,62.0,156.0,196.0
371,176.0,305.0,138.0,231.0,62.0,156.0,196.0,212.0
372,305.0,138.0,231.0,62.0,156.0,196.0,212.0,252.0
373,138.0,231.0,62.0,156.0,196.0,212.0,252.0,110.0
374,231.0,62.0,156.0,196.0,212.0,252.0,110.0,190.0
375,62.0,156.0,196.0,212.0,252.0,110.0,190.0,183.0
376,156.0,196.0,212.0,252.0,110.0,190.0,183.0,216.0
377,196.0,212.0,252.0,110.0,190.0,183.0,216.0,183.0
378,212.0,252.0,110.0,190.0,183.0,216.0,183.0,274.0
379,252.0,110.0,190.0,183.0,216.0,183.0,274.0,224.0
380,110.0,190.0,183.0,216.0,183.0,274.0,224.0,173.0
381,190.0,183.0,216.0,183.0,274.0,224.0,173.0,147.0
382,183.0,216.0,183.0,274.0,224.0,173.0,147.0,183.0
383,216.0,183.0,274.0,224.0,173.0,147.0,183.0,114.0
384,183.0,274.0,224.0,173.0,147.0,183.0,114.0,112.0
385,274.0,224.0,173.0,147.0,183.0,114.0,112.0,0.0
386,224.0,173.0,147.0,183.0,114.0,112.0,0.0,282.0
387,173.0,147.0,183.0,114.0,112.0,0.0,282.0,126.0
388,147.0,183.0,114.0,112.0,0.0,282.0,126.0,210.0
389,183.0,114.0,112.0,0.0,282.0,126.0,210.0,162.0
390,114.0,112.0,0.0,282.0,126.0,210.0,162.0,134.0
391,112.0,0.0,282.0,126.0,210.0,162.0,134.0,175.0
392,0.0,282.0,126.0,210.0,162.0,134.0,175.0,211.0
393,282.0,126.0,210.0,162.0,134.0,175.0,211.0,296.0
394,126.0,210.0,162.0,134.0,175.0,211.0,296.0,178.0
395,210.0,162.0,134.0,175.0,211.0,296.0,178.0,152.0
396,162.0,134.0,175.0,211.0,296.0,178.0,152.0,83.0
397,134.0,175.0,211.0,296.0,178.0,152.0,83.0,192.0
398,175.0,211.0,296.0,178.0,152.0,83.0,192.0,184.0
399,211.0,296.0,178.0,152.0,83.0,192.0,184.0,241.0
400,296.0,178.0,152.0,83.0,192.0,184.0,241.0,276.0
401,178.0,152.0,83.0,192.0,184.0,241.0,276.0,174.0
402,152.0,83.0,192.0,184.0,241.0,276.0,174.0,195.0
403,83.0,192.0,184.0,241.0,276.0,174.0,195.0,207.0
404,192.0,184.0,241.0,276.0,174.0,195.0,207.0,230.0
405,184.0,241.0,276.0,174.0,195.0,207.0,230.0,18.0
406,241.0,276.0,174.0,195.0,207.0,230.0,18.0,143.0
407,276.0,174.0,195.0,207.0,230.0,18.0,143.0,287.0
408,174.0,195.0,207.0,230.0,18.0,143.0,287.0,188.0
409,195.0,207.0,230.0,18.0,143.0,287.0,188.0,244.0
410,207.0,230.0,18.0,143.0,287.0,188.0,244.0,216.0
411,230.0,18.0,143.0,287.0,188.0,244.0,216.0,89.0
412,18.0,143.0,287.0,188.0,244.0,216.0,89.0,24.0
413,143.0,287.0,188.0,244.0,216.0,89.0,24.0,204.0
414,287.0,188.0,244.0,216.0,89.0,24.0,204.0,13.0
415,188.0,244.0,216.0,89.0,24.0,204.0,13.0,185.0
416,244.0,216.0,89.0,24.0,204.0,13.0,185.0,224.0
417,216.0,89.0,24.0,204.0,13.0,185.0,224.0,117.0
418,89.0,24.0,204.0,13.0,185.0,224.0,117.0,231.0
419,24.0,204.0,13.0,185.0,224.0,117.0,231.0,232.0
420,204.0,13.0,185.0,224.0,117.0,231.0,232.0,247.0
421,13.0,185.0,224.0,117.0,231.0,232.0,247.0,263.0
422,185.0,224.0,117.0,231.0,232.0,247.0,263.0,278.0
423,224.0,117.0,231.0,232.0,247.0,263.0,278.0,288.0
424,117.0,231.0,232.0,247.0,263.0,278.0,288.0,271.0
425,231.0,232.0,247.0,263.0,278.0,288.0,271.0,120.0
426,232.0,247.0,263.0,278.0,288.0,271.0,120.0,243.0
427,247.0,263.0,278.0,288.0,271.0,120.0,243.0,0.0
428,263.0,278.0,288.0,271.0,120.0,243.0,0.0,286.0
429,278.0,288.0,271.0,120.0,243.0,0.0,286.0,398.0
430,288.0,271.0,120.0,243.0,0.0,286.0,398.0,183.0
431,271.0,120.0,243.0,0.0,286.0,398.0,183.0,271.0
432,120.0,243.0,0.0,286.0,398.0,183.0,271.0,293.0
433,243.0,0.0,286.0,398.0,183.0,271.0,293.0,187.0
434,0.0,286.0,398.0,183.0,271.0,293.0,187.0,289.0
435,286.0,398.0,183.0,271.0,293.0,187.0,289.0,238.0
436,398.0,183.0,271.0,293.0,187.0,289.0,238.0,291.0
437,183.0,271.0,293.0,187.0,289.0,238.0,291.0,131.0
438,271.0,293.0,187.0,289.0,238.0,291.0,131.0,7.0
439,293.0,187.0,289.0,238.0,291.0,131.0,7.0,308.0
440,187.0,289.0,238.0,291.0,131.0,7.0,308.0,330.0
441,289.0,238.0,291.0,131.0,7.0,308.0,330.0,309.0
442,238.0,291.0,131.0,7.0,308.0,330.0,309.0,311.0
443,291.0,131.0,7.0,308.0,330.0,309.0,311.0,307.0
444,131.0,7.0,308.0,330.0,309.0,311.0,307.0,161.0
445,7.0,308.0,330.0,309.0,311.0,307.0,161.0,203.0
446,308.0,330.0,309.0,311.0,307.0,161.0,203.0,233.0
447,330.0,309.0,311.0,307.0,161.0,203.0,233.0,209.0
448,309.0,311.0,307.0,161.0,203.0,233.0,209.0,174.0
449,311.0,307.0,161.0,203.0,233.0,209.0,174.0,231.0
450,307.0,161.0,203.0,233.0,209.0,174.0,231.0,304.0
451,161.0,203.0,233.0,209.0,174.0,231.0,304.0,201.0
452,203.0,233.0,209.0,174.0,231.0,304.0,201.0,210.0
453,233.0,209.0,174.0,231.0,304.0,201.0,210.0,179.0
454,209.0,174.0,231.0,304.0,201.0,210.0,179.0,197.0
455,174.0,231.0,304.0,201.0,210.0,179.0,197.0,156.0
456,231.0,304.0,201.0,210.0,179.0,197.0,156.0,206.0
457,304.0,201.0,210.0,179.0,197.0,156.0,206.0,331.0
458,201.0,210.0,179.0,197.0,156.0,206.0,331.0,178.0
459,210.0,179.0,197.0,156.0,206.0,331.0,178.0,111.0
460,179.0,197.0,156.0,206.0,331.0,178.0,111.0,180.0
461,197.0,156.0,206.0,331.0,178.0,111.0,180.0,186.0
462,156.0,206.0,331.0,178.0,111.0,180.0,186.0,194.0
463,206.0,331.0,178.0,111.0,180.0,186.0,194.0,226.0
464,331.0,178.0,111.0,180.0,186.0,194.0,226.0,274.0
465,178.0,111.0,180.0,186.0,194.0,226.0,274.0,156.0
466,111.0,180.0,186.0,194.0,226.0,274.0,156.0,149.0
467,180.0,186.0,194.0,226.0,274.0,156.0,149.0,186.0
468,186.0,194.0,226.0,274.0,156.0,149.0,186.0,216.0
469,194.0,226.0,274.0,156.0,149.0,186.0,216.0,231.0
470,226.0,274.0,156.0,149.0,186.0,216.0,231.0,231.0
471,274.0,156.0,149.0,186.0,216.0,231.0,231.0,293.0
472,156.0,149.0,186.0,216.0,231.0,231.0,293.0,102.0
473,149.0,186.0,216.0,231.0,231.0,293.0,102.0,159.0
474,186.0,216.0,231.0,231.0,293.0,102.0,159.0,207.0
475,216.0,231.0,231.0,293.0,102.0,159.0,207.0,180.0
476,231.0,231.0,293.0,102.0,159.0,207.0,180.0,188.0
477,231.0,293.0,102.0,159.0,207.0,180.0,188.0,234.0
478,293.0,102.0,159.0,207.0,180.0,188.0,234.0,219.0
479,102.0,159.0,207.0,180.0,188.0,234.0,219.0,126.0
480,159.0,207.0,180.0,188.0,234.0,219.0,126.0,162.0
481,207.0,180.0,188.0,234.0,219.0,126.0,162.0,172.0
482,180.0,188.0,234.0,219.0,126.0,162.0,172.0,182.0
483,188.0,234.0,219.0,126.0,162.0,172.0,182.0,211.0
484,234.0,219.0,126.0,162.0,172.0,182.0,211.0,164.0
485,219.0,126.0,162.0,172.0,182.0,211.0,164.0,265.0
486,126.0,162.0,172.0,182.0,211.0,164.0,265.0,220.0
